Top-15: 1.311190
Top-25: 2.330750
Top-35: 3.479616
