Top-15: 5.115697
Top-25: 8.512335
Top-35: 11.798499
