Top-15: 3.791068
Top-25: 5.992026
Top-35: 8.136699
