Top-15: 1.474955
Top-25: 2.475460
Top-35: 3.489799
