Top-15: 1.193059
Top-25: 2.047956
Top-35: 2.951595
