Top-15: 3.486223
Top-25: 5.870264
Top-35: 8.292004
