Top-15: 3.338200
Top-25: 5.932671
Top-35: 8.621912
