Top-15: 0.662829
Top-25: 0.915600
Top-35: 1.146713
