Top-15: 0.926325
Top-25: 1.702662
Top-35: 2.489780
