Top-15: 2.212713
Top-25: 3.606843
Top-35: 4.884078
