Top-15: 0.973289
Top-25: 1.620433
Top-35: 2.217767
