Top-15: 1.617363
Top-25: 2.771451
Top-35: 3.912605
