Top-15: 1.632487
Top-25: 2.718254
Top-35: 3.736729
